    66.35857  1  66.35857
   212.21610  2  145.85753
   383.95980  3  171.7437
   580.98240  4  197.0226
   802.94230  5  221.960
  1049.62600  6  246.684
  1320.76400  7  271.138
  1716.45900  8  395.695
  2333.58300  9  617.124
  3163.64600  10  830.063
  4195.30800  11  1031.662
  5398.39000  12  1203.082
  6655.89100  13  1257.501
  7873.84100  14  1217.950
  9050.42400  15  1176.583
 10184.29000  16  1133.866
 11275.60000  17  1091.31
 12329.95000  18  1054.35
 13348.46000  19  1018.51
 14344.48000  20  996.02
 15342.77000  21  998.29
 16352.06000  22  1009.29
 17380.09000  23  1028.03
 18683.20000  24  1303.11
 20526.05000  25  1842.85
 22972.44000  26  2446.39
 26213.10000  27  3240.66
 30354.50000  28  4141.40
